% --- Simple Input - Single Pin -------------------

set title "black BC, assembly, u235-fuel, u238-water"

% --- box

surf 1 cyl      0 0 1    -20     20
surf 2 cyl      0 0 1.20 -20.2   20.2
surf 3 hexyprism  0 0 34 -20.3 20.3  %x0 y0 r z1 z2
surf 4 cube 0 0 0 48

% --- Cell definitions:

cell 1   1      fuel1     -1          
cell 2   1      clad       1 -2   
cell 3   1      water1     2   

cell 4   2      fuel1     -1          
cell 5   2      clad       1 -2   
cell 6   2      water1     2   

pin 3
water1

lat      4  2  0 0 31 31 2.6 	%lattice (lattice u, type, origin x/y, nx, ny, pitch)

3 3 3 3 3 3 3 3 3 3 3 3 3 3 3 3 3 3 3 3 3 3 3 3 3 3 3 3 3 3 3
 3 3 3 3 3 3 3 3 3 3 3 3 3 3 3 1 1 1 1 1 1 1 1 1 1 1 1 1 1 1 3
  3 3 3 3 3 3 3 3 3 3 3 3 3 3 1 1 1 1 1 1 1 1 1 1 1 1 1 1 1 1 3
   3 3 3 3 3 3 3 3 3 3 3 3 3 1 1 1 1 1 1 1 1 1 1 1 1 1 1 1 1 1 3
    3 3 3 3 3 3 3 3 3 3 3 3 1 1 1 1 1 1 1 1 1 1 1 1 1 1 1 1 1 1 3
     3 3 3 3 3 3 3 3 3 3 3 1 1 1 1 1 1 1 1 1 1 1 1 1 1 1 1 1 1 1 3
      3 3 3 3 3 3 3 3 3 3 1 1 1 1 1 1 1 1 1 1 1 1 1 1 1 1 1 1 1 1 3
       3 3 3 3 3 3 3 3 3 1 1 1 1 1 1 1 1 1 1 1 1 1 1 1 1 1 1 1 1 1 3
        3 3 3 3 3 3 3 3 1 1 1 1 1 1 1 1 1 1 1 1 1 1 1 1 1 1 1 1 1 1 3
         3 3 3 3 3 3 3 1 1 1 1 1 1 1 1 1 1 1 1 1 1 1 1 1 1 1 1 1 1 1 3
          3 3 3 3 3 3 1 1 1 1 1 1 1 1 1 1 1 1 1 1 1 1 1 1 1 1 1 1 1 1 3
           3 3 3 3 3 1 1 1 1 1 1 1 1 1 1 1 1 1 1 1 1 1 1 1 1 1 1 1 1 1 3
            3 3 3 3 1 1 1 1 1 1 1 1 1 1 1 1 1 1 1 1 1 1 1 1 1 1 1 1 1 1 3
             3 3 3 1 1 1 1 1 1 1 1 1 1 1 1 1 1 1 1 1 1 1 1 1 1 1 1 1 1 1 3
              3 3 1 1 1 1 1 1 1 1 1 1 1 1 1 1 1 1 1 1 1 1 1 1 1 1 1 1 1 1 3
               3 1 1 1 1 1 1 1 1 1 1 1 1 1 1 2 1 1 1 1 1 1 1 1 1 1 1 1 1 1 3
                3 1 1 1 1 1 1 1 1 1 1 1 1 1 1 1 1 1 1 1 1 1 1 1 1 1 1 1 1 3 3
                 3 1 1 1 1 1 1 1 1 1 1 1 1 1 1 1 1 1 1 1 1 1 1 1 1 1 1 1 3 3 3 
                  3 1 1 1 1 1 1 1 1 1 1 1 1 1 1 1 1 1 1 1 1 1 1 1 1 1 1 3 3 3 3 
                   3 1 1 1 1 1 1 1 1 1 1 1 1 1 1 1 1 1 1 1 1 1 1 1 1 1 3 3 3 3 3 
                    3 1 1 1 1 1 1 1 1 1 1 1 1 1 1 1 1 1 1 1 1 1 1 1 1 3 3 3 3 3 3
                     3 1 1 1 1 1 1 1 1 1 1 1 1 1 1 1 1 1 1 1 1 1 1 1 3 3 3 3 3 3 3 
                      3 1 1 1 1 1 1 1 1 1 1 1 1 1 1 1 1 1 1 1 1 1 1 3 3 3 3 3 3 3 3
                       3 1 1 1 1 1 1 1 1 1 1 1 1 1 1 1 1 1 1 1 1 1 3 3 3 3 3 3 3 3 3
                        3 1 1 1 1 1 1 1 1 1 1 1 1 1 1 1 1 1 1 1 1 3 3 3 3 3 3 3 3 3 3
                         3 1 1 1 1 1 1 1 1 1 1 1 1 1 1 1 1 1 1 1 3 3 3 3 3 3 3 3 3 3 3 
                          3 1 1 1 1 1 1 1 1 1 1 1 1 1 1 1 1 1 1 3 3 3 3 3 3 3 3 3 3 3 3
                           3 1 1 1 1 1 1 1 1 1 1 1 1 1 1 1 1 1 3 3 3 3 3 3 3 3 3 3 3 3 3
                            3 1 1 1 1 1 1 1 1 1 1 1 1 1 1 1 1 3 3 3 3 3 3 3 3 3 3 3 3 3 3
                             3 1 1 1 1 1 1 1 1 1 1 1 1 1 1 1 3 3 3 3 3 3 3 3 3 3 3 3 3 3 3
                              3 3 3 3 3 3 3 3 3 3 3 3 3 3 3 3 3 3 3 3 3 3 3 3 3 3 3 3 3 3 3


cell 20  0      fill 4   -3  				% fill large hex
cell 21  0      water1    3 -4      % box around hex is "water"
cell 99  0      outside   4  				% Outside world

% --- Fuel materials:

mat fuel1   -15.00
 92235.03c   0.1
 92238.03c   0.9
  8016.03c   2 

mat clad    -6.52
 40090.03c   0.5145
 40091.03c   0.1122
 40092.03c   0.1715
 40094.03c   0.1738
 40096.03c   0.0280

mat water1  -1.00
 8016.03c   1
 1001.03c   2

% --- Cross section data library file path:

set acelib "/xs/sss_endfb7u.xsdata"
%set acelib "/xs/xsdir_serpent"

% --- black boundary condition:

set bc 1 1 1

% detectors

ene leth 3 1024 1e-11 20
ene lin  2 1024 1e-11 20
det fluxlog dm fuel1 du 2 de leth dt -3
det fluxlin dm fuel1 du 2 de lin  dt -3

% --- Geometry and mesh plots:

plot 3 1500 1500
plot 2 1500 1500
mesh 3 1500 1500

% --- criticality parameters

set pop 6000000 40 20 % 1.00

