% --- guide -------------------

set title "guide with fission multiplier"

% --- surfaces

surf 1  cuboid  -3 3 -3 3 -3 3
surf 10 px  -2.8  
surf 11 py  -2
surf 12 py   2 
surf 13 pz  -2
surf 14 pz   2
surf 99 cuboid  -4 4 -4 4 -4 4

% --- Cell definitions:

cell 1   0      uranium   -1  -10  11 -12  13 -14 
cell 2   0      water     -1   10  11 -12  13 -14 
cell 3   0      copper    -1      -11 13  -14 
cell 4   0      copper    -1       12 13  -14 
cell 5   0      copper    -1      -13 
cell 6   0      copper    -1       14 
cell 7   0      void      -99 1    
cell 99  0      outside    99

% --- Fuel materials:

mat copper     -8.96
 29063.80c      0.6915
 29065.80c      0.3085

mat uranium   -19.1
 92238.80c      0.90
 92235.80c      0.10

mat water      -1.00
 8016.80c       2.00
 1001.80c       1.00

% --- Cross section data library file path:

%set acelib "/xs/sss_endfb7u.xsdata"
set acelib "/xs/xsdir_serpent"

% --- black boundary condition:

set bc 1 1 1 

% detectors

ene leth 3 1024 1e-11 20
ene lin  2 1024 1e-11 20
det fluxlog dc 2  de leth dt -3
det fluxlin dc 2  de lin  dt -3

% --- Geometry and mesh plots:

plot 3 1500 1500
plot 2 1500 1500
mesh 3 1500 1500

% --- criticality parameters

% thermal source at entry
set nps 4000000 40
src thermsrc sx -3 -3 sy -2 2 sz -2 0  sd 1 0 0  sb 1025
1.0000E-11 0.0
1.0280E-11 2.0428E+02 
1.0569E-11 2.0712E+02 
1.0865E-11 2.1001E+02 
1.1170E-11 2.1293E+02 
1.1483E-11 2.1589E+02 
1.1805E-11 2.1889E+02 
1.2136E-11 2.2194E+02 
1.2477E-11 2.2503E+02 
1.2827E-11 2.2816E+02 
1.3186E-11 2.3133E+02 
1.3556E-11 2.3455E+02 
1.3936E-11 2.3781E+02 
1.4327E-11 2.4112E+02 
1.4729E-11 2.4447E+02 
1.5142E-11 2.4787E+02 
1.5567E-11 2.5132E+02 
1.6004E-11 2.5482E+02 
1.6452E-11 2.5836E+02 
1.6914E-11 2.6195E+02 
1.7388E-11 2.6559E+02 
1.7876E-11 2.6929E+02 
1.8377E-11 2.7303E+02 
1.8893E-11 2.7683E+02 
1.9423E-11 2.8068E+02 
1.9967E-11 2.8458E+02 
2.0527E-11 2.8854E+02 
2.1103E-11 2.9255E+02 
2.1695E-11 2.9661E+02 
2.2303E-11 3.0074E+02 
2.2929E-11 3.0492E+02 
2.3572E-11 3.0915E+02 
2.4233E-11 3.1345E+02 
2.4913E-11 3.1781E+02 
2.5611E-11 3.2222E+02 
2.6330E-11 3.2670E+02 
2.7068E-11 3.3124E+02 
2.7827E-11 3.3584E+02 
2.8608E-11 3.4051E+02 
2.9410E-11 3.4524E+02 
3.0235E-11 3.5003E+02 
3.1083E-11 3.5490E+02 
3.1955E-11 3.5982E+02 
3.2851E-11 3.6482E+02 
3.3772E-11 3.6989E+02 
3.4719E-11 3.7502E+02 
3.5693E-11 3.8023E+02 
3.6694E-11 3.8551E+02 
3.7723E-11 3.9086E+02 
3.8781E-11 3.9629E+02 
3.9869E-11 4.0179E+02 
4.0987E-11 4.0736E+02 
4.2137E-11 4.1302E+02 
4.3319E-11 4.1875E+02 
4.4534E-11 4.2456E+02 
4.5783E-11 4.3045E+02 
4.7067E-11 4.3642E+02 
4.8387E-11 4.4247E+02 
4.9744E-11 4.4861E+02 
5.1139E-11 4.5483E+02 
5.2573E-11 4.6113E+02 
5.4048E-11 4.6752E+02 
5.5563E-11 4.7401E+02 
5.7122E-11 4.8057E+02 
5.8724E-11 4.8723E+02 
6.0371E-11 4.9398E+02 
6.2064E-11 5.0083E+02 
6.3805E-11 5.0777E+02 
6.5594E-11 5.1480E+02 
6.7434E-11 5.2193E+02 
6.9325E-11 5.2915E+02 
7.1269E-11 5.3648E+02 
7.3268E-11 5.4390E+02 
7.5323E-11 5.5143E+02 
7.7436E-11 5.5906E+02 
7.9608E-11 5.6679E+02 
8.1840E-11 5.7463E+02 
8.4136E-11 5.8258E+02 
8.6495E-11 5.9063E+02 
8.8921E-11 5.9879E+02 
9.1415E-11 6.0707E+02 
9.3979E-11 6.1545E+02 
9.6615E-11 6.2396E+02 
9.9324E-11 6.3257E+02 
1.0211E-10 6.4131E+02 
1.0497E-10 6.5016E+02 
1.0792E-10 6.5913E+02 
1.1094E-10 6.6822E+02 
1.1406E-10 6.7744E+02 
1.1726E-10 6.8678E+02 
1.2054E-10 6.9625E+02 
1.2392E-10 7.0584E+02 
1.2740E-10 7.1557E+02 
1.3097E-10 7.2542E+02 
1.3465E-10 7.3541E+02 
1.3842E-10 7.4553E+02 
1.4231E-10 7.5579E+02 
1.4630E-10 7.6619E+02 
1.5040E-10 7.7672E+02 
1.5462E-10 7.8740E+02 
1.5895E-10 7.9821E+02 
1.6341E-10 8.0918E+02 
1.6800E-10 8.2029E+02 
1.7271E-10 8.3154E+02 
1.7755E-10 8.4295E+02 
1.8253E-10 8.5451E+02 
1.8765E-10 8.6622E+02 
1.9291E-10 8.7809E+02 
1.9832E-10 8.9011E+02 
2.0389E-10 9.0230E+02 
2.0960E-10 9.1464E+02 
2.1548E-10 9.2715E+02 
2.2153E-10 9.3982E+02 
2.2774E-10 9.5265E+02 
2.3413E-10 9.6566E+02 
2.4069E-10 9.7883E+02 
2.4744E-10 9.9218E+02 
2.5438E-10 1.0057E+03 
2.6152E-10 1.0194E+03 
2.6885E-10 1.0333E+03 
2.7639E-10 1.0473E+03 
2.8414E-10 1.0616E+03 
2.9211E-10 1.0760E+03 
3.0031E-10 1.0906E+03 
3.0873E-10 1.1054E+03 
3.1739E-10 1.1204E+03 
3.2629E-10 1.1355E+03 
3.3544E-10 1.1509E+03 
3.4485E-10 1.1665E+03 
3.5452E-10 1.1822E+03 
3.6446E-10 1.1982E+03 
3.7469E-10 1.2143E+03 
3.8519E-10 1.2307E+03 
3.9600E-10 1.2473E+03 
4.0710E-10 1.2640E+03 
4.1852E-10 1.2810E+03 
4.3026E-10 1.2982E+03 
4.4233E-10 1.3156E+03 
4.5473E-10 1.3332E+03 
4.6749E-10 1.3511E+03 
4.8060E-10 1.3691E+03 
4.9408E-10 1.3874E+03 
5.0793E-10 1.4059E+03 
5.2218E-10 1.4246E+03 
5.3682E-10 1.4436E+03 
5.5188E-10 1.4627E+03 
5.6736E-10 1.4821E+03 
5.8327E-10 1.5018E+03 
5.9963E-10 1.5216E+03 
6.1645E-10 1.5417E+03 
6.3374E-10 1.5620E+03 
6.5151E-10 1.5826E+03 
6.6978E-10 1.6034E+03 
6.8857E-10 1.6244E+03 
7.0788E-10 1.6457E+03 
7.2773E-10 1.6672E+03 
7.4814E-10 1.6890E+03 
7.6913E-10 1.7110E+03 
7.9070E-10 1.7332E+03 
8.1287E-10 1.7557E+03 
8.3567E-10 1.7784E+03 
8.5911E-10 1.8014E+03 
8.8320E-10 1.8246E+03 
9.0798E-10 1.8481E+03 
9.3344E-10 1.8718E+03 
9.5962E-10 1.8957E+03 
9.8653E-10 1.9199E+03 
1.0142E-09 1.9444E+03 
1.0426E-09 1.9691E+03 
1.0719E-09 1.9940E+03 
1.1020E-09 2.0192E+03 
1.1329E-09 2.0447E+03 
1.1646E-09 2.0704E+03 
1.1973E-09 2.0963E+03 
1.2309E-09 2.1225E+03 
1.2654E-09 2.1489E+03 
1.3009E-09 2.1755E+03 
1.3374E-09 2.2024E+03 
1.3749E-09 2.2295E+03 
1.4134E-09 2.2569E+03 
1.4531E-09 2.2844E+03 
1.4938E-09 2.3123E+03 
1.5357E-09 2.3403E+03 
1.5788E-09 2.3686E+03 
1.6231E-09 2.3970E+03 
1.6686E-09 2.4257E+03 
1.7154E-09 2.4546E+03 
1.7635E-09 2.4837E+03 
1.8130E-09 2.5130E+03 
1.8638E-09 2.5426E+03 
1.9161E-09 2.5723E+03 
1.9698E-09 2.6021E+03 
2.0251E-09 2.6322E+03 
2.0819E-09 2.6624E+03 
2.1403E-09 2.6928E+03 
2.2003E-09 2.7234E+03 
2.2620E-09 2.7541E+03 
2.3254E-09 2.7849E+03 
2.3907E-09 2.8159E+03 
2.4577E-09 2.8470E+03 
2.5266E-09 2.8782E+03 
2.5975E-09 2.9096E+03 
2.6704E-09 2.9410E+03 
2.7453E-09 2.9725E+03 
2.8223E-09 3.0040E+03 
2.9014E-09 3.0357E+03 
2.9828E-09 3.0673E+03 
3.0664E-09 3.0990E+03 
3.1524E-09 3.1307E+03 
3.2409E-09 3.1624E+03 
3.3317E-09 3.1941E+03 
3.4252E-09 3.2258E+03 
3.5213E-09 3.2574E+03 
3.6200E-09 3.2890E+03 
3.7215E-09 3.3205E+03 
3.8259E-09 3.3518E+03 
3.9332E-09 3.3831E+03 
4.0435E-09 3.4142E+03 
4.1569E-09 3.4451E+03 
4.2735E-09 3.4758E+03 
4.3934E-09 3.5063E+03 
4.5166E-09 3.5366E+03 
4.6433E-09 3.5667E+03 
4.7735E-09 3.5964E+03 
4.9074E-09 3.6258E+03 
5.0450E-09 3.6549E+03 
5.1865E-09 3.6837E+03 
5.3320E-09 3.7120E+03 
5.4815E-09 3.7399E+03 
5.6353E-09 3.7673E+03 
5.7933E-09 3.7942E+03 
5.9558E-09 3.8206E+03 
6.1228E-09 3.8465E+03 
6.2946E-09 3.8717E+03 
6.4711E-09 3.8964E+03 
6.6526E-09 3.9203E+03 
6.8392E-09 3.9436E+03 
7.0310E-09 3.9661E+03 
7.2282E-09 3.9878E+03 
7.4309E-09 4.0087E+03 
7.6393E-09 4.0287E+03 
7.8536E-09 4.0479E+03 
8.0738E-09 4.0661E+03 
8.3003E-09 4.0833E+03 
8.5331E-09 4.0995E+03 
8.7724E-09 4.1146E+03 
9.0184E-09 4.1285E+03 
9.2714E-09 4.1413E+03 
9.5314E-09 4.1529E+03 
9.7987E-09 4.1633E+03 
1.0074E-08 4.1723E+03 
1.0356E-08 4.1800E+03 
1.0646E-08 4.1863E+03 
1.0945E-08 4.1912E+03 
1.1252E-08 4.1946E+03 
1.1568E-08 4.1964E+03 
1.1892E-08 4.1967E+03 
1.2226E-08 4.1953E+03 
1.2568E-08 4.1923E+03 
1.2921E-08 4.1876E+03 
1.3283E-08 4.1811E+03 
1.3656E-08 4.1729E+03 
1.4039E-08 4.1628E+03 
1.4433E-08 4.1508E+03 
1.4837E-08 4.1370E+03 
1.5254E-08 4.1212E+03 
1.5681E-08 4.1034E+03 
1.6121E-08 4.0836E+03 
1.6573E-08 4.0618E+03 
1.7038E-08 4.0380E+03 
1.7516E-08 4.0120E+03 
1.8007E-08 3.9840E+03 
1.8512E-08 3.9538E+03 
1.9032E-08 3.9215E+03 
1.9565E-08 3.8871E+03 
2.0114E-08 3.8505E+03 
2.0678E-08 3.8118E+03 
2.1258E-08 3.7710E+03 
2.1854E-08 3.7280E+03 
2.2467E-08 3.6828E+03 
2.3097E-08 3.6356E+03 
2.3745E-08 3.5863E+03 
2.4411E-08 3.5349E+03 
2.5096E-08 3.4816E+03 
2.5800E-08 3.4262E+03 
2.6523E-08 3.3689E+03 
2.7267E-08 3.3096E+03 
2.8032E-08 3.2486E+03 
2.8818E-08 3.1858E+03 
2.9626E-08 3.1212E+03 
3.0457E-08 3.0551E+03 
3.1311E-08 2.9874E+03 
3.2190E-08 2.9182E+03 
3.3092E-08 2.8476E+03 
3.4021E-08 2.7758E+03 
3.4975E-08 2.7028E+03 
3.5956E-08 2.6287E+03 
3.6964E-08 2.5537E+03 
3.8001E-08 2.4778E+03 
3.9067E-08 2.4012E+03 
4.0162E-08 2.3241E+03 
4.1289E-08 2.2465E+03 
4.2447E-08 2.1686E+03 
4.3637E-08 2.0905E+03 
4.4861E-08 2.0123E+03 
4.6119E-08 1.9343E+03 
4.7413E-08 1.8565E+03 
4.8742E-08 1.7791E+03 
5.0109E-08 1.7022E+03 
5.1515E-08 1.6260E+03 
5.2960E-08 1.5506E+03 
5.4445E-08 1.4762E+03 
5.5972E-08 1.4028E+03 
5.7542E-08 1.3307E+03 
5.9156E-08 1.2599E+03 
6.0815E-08 1.1907E+03 
6.2520E-08 1.1230E+03 
6.4274E-08 1.0570E+03 
6.6076E-08 9.9277E+02 
6.7930E-08 9.3047E+02 
6.9835E-08 8.7017E+02 
7.1793E-08 8.1193E+02 
7.3807E-08 7.5583E+02 
7.5877E-08 7.0191E+02 
7.8005E-08 6.5024E+02 
8.0193E-08 6.0085E+02 
8.2442E-08 5.5377E+02 
8.4754E-08 5.0901E+02 
8.7131E-08 4.6659E+02 
8.9575E-08 4.2649E+02 
9.2087E-08 3.8871E+02 
9.4670E-08 3.5321E+02 
9.7325E-08 3.1998E+02 
1.0005E-07 2.8895E+02 
1.0286E-07 2.6009E+02 
1.0575E-07 2.3333E+02 
1.0871E-07 2.0861E+02 
1.1176E-07 1.8584E+02 
1.1489E-07 1.6497E+02 
1.1812E-07 1.4589E+02 
1.2143E-07 1.2852E+02 
1.2484E-07 1.1278E+02 
1.2834E-07 9.8566E+01 
1.3194E-07 8.5784E+01 
1.3564E-07 7.4341E+01 
1.3944E-07 6.4141E+01 
1.4335E-07 5.5090E+01 
1.4737E-07 4.7097E+01 
1.5151E-07 4.0072E+01 
1.5575E-07 3.3927E+01 
1.6012E-07 2.8580E+01 
1.6461E-07 2.3950E+01 
1.6923E-07 1.9964E+01 
1.7398E-07 1.6550E+01 
1.7886E-07 1.3642E+01 
1.8387E-07 1.1180E+01 
1.8903E-07 9.1082E+00 
1.9433E-07 7.3747E+00 
1.9978E-07 5.9336E+00 
2.0538E-07 4.7433E+00 
2.1115E-07 3.7665E+00 
2.1707E-07 2.9704E+00 
2.2315E-07 2.3262E+00 
2.2941E-07 1.8085E+00 
2.3585E-07 1.3956E+00 
2.4246E-07 1.0688E+00 
2.4926E-07 8.1205E-01 
2.5625E-07 6.1202E-01 
2.6344E-07 4.5745E-01 
2.7083E-07 3.3900E-01 
2.7842E-07 2.4902E-01 
2.8623E-07 1.8128E-01 
2.9426E-07 1.3075E-01 
3.0251E-07 9.3402E-02 
3.1100E-07 6.6072E-02 
3.1972E-07 4.6270E-02 
3.2869E-07 3.2068E-02 
3.3791E-07 2.1989E-02 
3.4738E-07 1.4913E-02 
3.5713E-07 1.0001E-02 
3.6714E-07 6.6297E-03 
3.7744E-07 4.3427E-03 
3.8803E-07 2.8099E-03 
3.9891E-07 1.7954E-03 
4.1010E-07 1.1324E-03 
4.2160E-07 7.0482E-04 
4.3342E-07 4.3271E-04 
4.4558E-07 2.6194E-04 
4.5808E-07 1.5629E-04 
4.7092E-07 9.1876E-05 
4.8413E-07 5.3190E-05 
4.9771E-07 3.0313E-05 
5.1167E-07 1.6999E-05 
5.2602E-07 9.3753E-06 
5.4077E-07 5.0832E-06 
5.5594E-07 2.7081E-06 
5.7153E-07 1.4170E-06 
5.8756E-07 7.2777E-07 
6.0404E-07 3.6673E-07 
6.2098E-07 1.8121E-07 
6.3840E-07 8.7752E-08 
6.5630E-07 4.1623E-08 
6.7471E-07 1.9327E-08 
6.9363E-07 8.7794E-09 
7.1308E-07 3.8994E-09 
7.3308E-07 1.6923E-09 
7.5364E-07 7.1716E-10 
7.7478E-07 2.9657E-10 
7.9651E-07 1.1960E-10 
8.1885E-07 4.6998E-11 
8.4182E-07 1.7985E-11 
8.6543E-07 6.6965E-12 
8.8970E-07 2.4243E-12 
9.1465E-07 8.5269E-13 
9.4030E-07 2.9114E-13 
9.6668E-07 9.6415E-14 
9.9379E-07 3.0943E-14 
1.0217E-06 9.6154E-15 
1.0503E-06 2.8905E-15 
1.0798E-06 8.3978E-16 
1.1101E-06 2.3558E-16 
1.1412E-06 6.3746E-17 
1.1732E-06 1.6622E-17 
1.2061E-06 4.1722E-18 
1.2399E-06 1.0070E-18 
1.2747E-06 2.3348E-19 
1.3105E-06 5.1937E-20 
1.3472E-06 1.1072E-20 
1.3850E-06 2.2594E-21 
1.4238E-06 4.4077E-22 
1.4638E-06 8.2105E-23 
1.5048E-06 1.4584E-23 
1.5470E-06 2.4671E-24 
1.5904E-06 3.9689E-25 
1.6350E-06 6.0637E-26 
1.6809E-06 8.7851E-27 
1.7280E-06 1.2052E-27 
1.7765E-06 1.5632E-28 
1.8263E-06 1.9139E-29 
1.8775E-06 2.2083E-30 
1.9302E-06 2.3974E-31 
1.9843E-06 2.4446E-32 
2.0400E-06 2.3372E-33 
2.0972E-06 2.0913E-34 
2.1560E-06 1.7482E-35 
2.2165E-06 1.3625E-36 
2.2786E-06 9.8822E-38 
2.3425E-06 6.6563E-39 
2.4082E-06 4.1552E-40 
2.4758E-06 2.3988E-41 
2.5452E-06 1.2779E-42 
2.6166E-06 6.2674E-44 
2.6900E-06 2.8236E-45 
2.7654E-06 1.1657E-46 
2.8430E-06 4.3993E-48 
2.9227E-06 1.5139E-49 
3.0047E-06 4.7381E-51 
3.0890E-06 1.3451E-52 
3.1756E-06 3.4541E-54 
3.2647E-06 8.0011E-56 
3.3562E-06 1.6670E-57 
3.4504E-06 3.1146E-59 
3.5471E-06 5.2025E-61 
3.6466E-06 7.7449E-63 
3.7489E-06 1.0243E-64 
3.8540E-06 1.1993E-66 
3.9621E-06 1.2392E-68 
4.0733E-06 1.1258E-70 
4.1875E-06 8.9612E-73 
4.3049E-06 6.2262E-75 
4.4257E-06 3.7617E-77 
4.5498E-06 1.9686E-79 
4.6774E-06 8.8872E-82 
4.8086E-06 3.4469E-84 
4.9435E-06 1.1437E-86 
5.0821E-06 3.2320E-89 
5.2246E-06 7.7445E-92 
5.3712E-06 1.5662E-94 
5.5218E-06 2.6605E-97 
5.6767E-06 3.7778E-100 
5.8359E-06 4.4614E-103 
5.9996E-06 4.3593E-106 
6.1678E-06 3.5057E-109 
6.3408E-06 2.3077E-112 
6.5187E-06 1.2365E-115 
6.7015E-06 5.3613E-119 
6.8894E-06 1.8701E-122 
7.0827E-06 5.2160E-126 
7.2813E-06 1.1560E-129 
7.4855E-06 2.0225E-133 
7.6955E-06 2.7752E-137 
7.9113E-06 2.9662E-141 
8.1332E-06 2.4523E-145 
8.3613E-06 1.5569E-149 
8.5958E-06 7.5346E-154 
8.8369E-06 2.7585E-158 
9.0847E-06 7.5802E-163 
9.3395E-06 1.5510E-167 
9.6015E-06 2.3434E-172 
9.8707E-06 2.5926E-177 
1.0148E-05 2.0818E-182 
1.0432E-05 1.2024E-187 
1.0725E-05 4.9500E-193 
1.1026E-05 1.4386E-198 
1.1335E-05 2.9229E-204 
1.1653E-05 4.1104E-210 
1.1979E-05 3.9597E-216 
1.2315E-05 2.5854E-222 
1.2661E-05 1.1318E-228 
1.3016E-05 3.2847E-235 
1.3381E-05 6.2474E-242 
1.3756E-05 7.6956E-249 
1.4142E-05 6.0651E-256 
1.4539E-05 3.0202E-263 
1.4947E-05 9.3810E-271 
1.5366E-05 1.7936E-278 
1.5797E-05 2.0824E-286 
1.6240E-05 1.4477E-294 
1.6695E-05 5.9403E-303 
1.7163E-05 1.4176E-311 
1.7645E-05 0.0000E+00 
1.8140E-05 0.0000E+00 
1.8648E-05 0.0000E+00 
1.9171E-05 0.0000E+00 
1.9709E-05 0.0000E+00 
2.0262E-05 0.0000E+00 
2.0830E-05 0.0000E+00 
2.1414E-05 0.0000E+00 
2.2015E-05 0.0000E+00 
2.2632E-05 0.0000E+00 
2.3267E-05 0.0000E+00 
2.3920E-05 0.0000E+00 
2.4591E-05 0.0000E+00 
2.5280E-05 0.0000E+00 
2.5989E-05 0.0000E+00 
2.6718E-05 0.0000E+00 
2.7468E-05 0.0000E+00 
2.8238E-05 0.0000E+00 
2.9030E-05 0.0000E+00 
2.9844E-05 0.0000E+00 
3.0681E-05 0.0000E+00 
3.1542E-05 0.0000E+00 
3.2426E-05 0.0000E+00 
3.3336E-05 0.0000E+00 
3.4271E-05 0.0000E+00 
3.5232E-05 0.0000E+00 
3.6220E-05 0.0000E+00 
3.7236E-05 0.0000E+00 
3.8280E-05 0.0000E+00 
3.9354E-05 0.0000E+00 
4.0457E-05 0.0000E+00 
4.1592E-05 0.0000E+00 
4.2759E-05 0.0000E+00 
4.3958E-05 0.0000E+00 
4.5191E-05 0.0000E+00 
4.6458E-05 0.0000E+00 
4.7761E-05 0.0000E+00 
4.9101E-05 0.0000E+00 
5.0478E-05 0.0000E+00 
5.1894E-05 0.0000E+00 
5.3349E-05 0.0000E+00 
5.4845E-05 0.0000E+00 
5.6383E-05 0.0000E+00 
5.7965E-05 0.0000E+00 
5.9590E-05 0.0000E+00 
6.1262E-05 0.0000E+00 
6.2980E-05 0.0000E+00 
6.4746E-05 0.0000E+00 
6.6562E-05 0.0000E+00 
6.8429E-05 0.0000E+00 
7.0348E-05 0.0000E+00 
7.2321E-05 0.0000E+00 
7.4350E-05 0.0000E+00 
7.6435E-05 0.0000E+00 
7.8579E-05 0.0000E+00 
8.0782E-05 0.0000E+00 
8.3048E-05 0.0000E+00 
8.5377E-05 0.0000E+00 
8.7772E-05 0.0000E+00 
9.0233E-05 0.0000E+00 
9.2764E-05 0.0000E+00 
9.5366E-05 0.0000E+00 
9.8041E-05 0.0000E+00 
1.0079E-04 0.0000E+00 
1.0362E-04 0.0000E+00 
1.0652E-04 0.0000E+00 
1.0951E-04 0.0000E+00 
1.1258E-04 0.0000E+00 
1.1574E-04 0.0000E+00 
1.1899E-04 0.0000E+00 
1.2232E-04 0.0000E+00 
1.2575E-04 0.0000E+00 
1.2928E-04 0.0000E+00 
1.3291E-04 0.0000E+00 
1.3663E-04 0.0000E+00 
1.4047E-04 0.0000E+00 
1.4441E-04 0.0000E+00 
1.4846E-04 0.0000E+00 
1.5262E-04 0.0000E+00 
1.5690E-04 0.0000E+00 
1.6130E-04 0.0000E+00 
1.6582E-04 0.0000E+00 
1.7047E-04 0.0000E+00 
1.7526E-04 0.0000E+00 
1.8017E-04 0.0000E+00 
1.8522E-04 0.0000E+00 
1.9042E-04 0.0000E+00 
1.9576E-04 0.0000E+00 
2.0125E-04 0.0000E+00 
2.0689E-04 0.0000E+00 
2.1270E-04 0.0000E+00 
2.1866E-04 0.0000E+00 
2.2480E-04 0.0000E+00 
2.3110E-04 0.0000E+00 
2.3758E-04 0.0000E+00 
2.4424E-04 0.0000E+00 
2.5110E-04 0.0000E+00 
2.5814E-04 0.0000E+00 
2.6538E-04 0.0000E+00 
2.7282E-04 0.0000E+00 
2.8047E-04 0.0000E+00 
2.8834E-04 0.0000E+00 
2.9642E-04 0.0000E+00 
3.0474E-04 0.0000E+00 
3.1329E-04 0.0000E+00 
3.2207E-04 0.0000E+00 
3.3110E-04 0.0000E+00 
3.4039E-04 0.0000E+00 
3.4994E-04 0.0000E+00 
3.5975E-04 0.0000E+00 
3.6984E-04 0.0000E+00 
3.8021E-04 0.0000E+00 
3.9088E-04 0.0000E+00 
4.0184E-04 0.0000E+00 
4.1311E-04 0.0000E+00 
4.2470E-04 0.0000E+00 
4.3661E-04 0.0000E+00 
4.4885E-04 0.0000E+00 
4.6144E-04 0.0000E+00 
4.7439E-04 0.0000E+00 
4.8769E-04 0.0000E+00 
5.0137E-04 0.0000E+00 
5.1543E-04 0.0000E+00 
5.2989E-04 0.0000E+00 
5.4475E-04 0.0000E+00 
5.6002E-04 0.0000E+00 
5.7573E-04 0.0000E+00 
5.9188E-04 0.0000E+00 
6.0848E-04 0.0000E+00 
6.2554E-04 0.0000E+00 
6.4309E-04 0.0000E+00 
6.6113E-04 0.0000E+00 
6.7967E-04 0.0000E+00 
6.9873E-04 0.0000E+00 
7.1833E-04 0.0000E+00 
7.3847E-04 0.0000E+00 
7.5918E-04 0.0000E+00 
7.8048E-04 0.0000E+00 
8.0237E-04 0.0000E+00 
8.2487E-04 0.0000E+00 
8.4800E-04 0.0000E+00 
8.7179E-04 0.0000E+00 
8.9624E-04 0.0000E+00 
9.2137E-04 0.0000E+00 
9.4722E-04 0.0000E+00 
9.7378E-04 0.0000E+00 
1.0011E-03 0.0000E+00 
1.0292E-03 0.0000E+00 
1.0580E-03 0.0000E+00 
1.0877E-03 0.0000E+00 
1.1182E-03 0.0000E+00 
1.1496E-03 0.0000E+00 
1.1818E-03 0.0000E+00 
1.2150E-03 0.0000E+00 
1.2490E-03 0.0000E+00 
1.2841E-03 0.0000E+00 
1.3201E-03 0.0000E+00 
1.3571E-03 0.0000E+00 
1.3952E-03 0.0000E+00 
1.4343E-03 0.0000E+00 
1.4745E-03 0.0000E+00 
1.5159E-03 0.0000E+00 
1.5584E-03 0.0000E+00 
1.6021E-03 0.0000E+00 
1.6470E-03 0.0000E+00 
1.6932E-03 0.0000E+00 
1.7407E-03 0.0000E+00 
1.7895E-03 0.0000E+00 
1.8397E-03 0.0000E+00 
1.8913E-03 0.0000E+00 
1.9444E-03 0.0000E+00 
1.9989E-03 0.0000E+00 
2.0550E-03 0.0000E+00 
2.1126E-03 0.0000E+00 
2.1719E-03 0.0000E+00 
2.2328E-03 0.0000E+00 
2.2954E-03 0.0000E+00 
2.3598E-03 0.0000E+00 
2.4259E-03 0.0000E+00 
2.4940E-03 0.0000E+00 
2.5639E-03 0.0000E+00 
2.6358E-03 0.0000E+00 
2.7098E-03 0.0000E+00 
2.7858E-03 0.0000E+00 
2.8639E-03 0.0000E+00 
2.9442E-03 0.0000E+00 
3.0268E-03 0.0000E+00 
3.1117E-03 0.0000E+00 
3.1990E-03 0.0000E+00 
3.2887E-03 0.0000E+00 
3.3809E-03 0.0000E+00 
3.4757E-03 0.0000E+00 
3.5732E-03 0.0000E+00 
3.6734E-03 0.0000E+00 
3.7765E-03 0.0000E+00 
3.8824E-03 0.0000E+00 
3.9913E-03 0.0000E+00 
4.1032E-03 0.0000E+00 
4.2183E-03 0.0000E+00 
4.3366E-03 0.0000E+00 
4.4582E-03 0.0000E+00 
4.5833E-03 0.0000E+00 
4.7118E-03 0.0000E+00 
4.8440E-03 0.0000E+00 
4.9798E-03 0.0000E+00 
5.1195E-03 0.0000E+00 
5.2631E-03 0.0000E+00 
5.4107E-03 0.0000E+00 
5.5624E-03 0.0000E+00 
5.7184E-03 0.0000E+00 
5.8788E-03 0.0000E+00 
6.0437E-03 0.0000E+00 
6.2132E-03 0.0000E+00 
6.3874E-03 0.0000E+00 
6.5666E-03 0.0000E+00 
6.7508E-03 0.0000E+00 
6.9401E-03 0.0000E+00 
7.1347E-03 0.0000E+00 
7.3348E-03 0.0000E+00 
7.5406E-03 0.0000E+00 
7.7520E-03 0.0000E+00 
7.9695E-03 0.0000E+00 
8.1930E-03 0.0000E+00 
8.4228E-03 0.0000E+00 
8.6590E-03 0.0000E+00 
8.9018E-03 0.0000E+00 
9.1515E-03 0.0000E+00 
9.4082E-03 0.0000E+00 
9.6720E-03 0.0000E+00 
9.9433E-03 0.0000E+00 
1.0222E-02 0.0000E+00 
1.0509E-02 0.0000E+00 
1.0804E-02 0.0000E+00 
1.1107E-02 0.0000E+00 
1.1418E-02 0.0000E+00 
1.1738E-02 0.0000E+00 
1.2068E-02 0.0000E+00 
1.2406E-02 0.0000E+00 
1.2754E-02 0.0000E+00 
1.3112E-02 0.0000E+00 
1.3479E-02 0.0000E+00 
1.3857E-02 0.0000E+00 
1.4246E-02 0.0000E+00 
1.4646E-02 0.0000E+00 
1.5056E-02 0.0000E+00 
1.5479E-02 0.0000E+00 
1.5913E-02 0.0000E+00 
1.6359E-02 0.0000E+00 
1.6818E-02 0.0000E+00 
1.7290E-02 0.0000E+00 
1.7775E-02 0.0000E+00 
1.8273E-02 0.0000E+00 
1.8786E-02 0.0000E+00 
1.9312E-02 0.0000E+00 
1.9854E-02 0.0000E+00 
2.0411E-02 0.0000E+00 
2.0983E-02 0.0000E+00 
2.1572E-02 0.0000E+00 
2.2177E-02 0.0000E+00 
2.2799E-02 0.0000E+00 
2.3438E-02 0.0000E+00 
2.4096E-02 0.0000E+00 
2.4771E-02 0.0000E+00 
2.5466E-02 0.0000E+00 
2.6180E-02 0.0000E+00 
2.6915E-02 0.0000E+00 
2.7670E-02 0.0000E+00 
2.8446E-02 0.0000E+00 
2.9243E-02 0.0000E+00 
3.0064E-02 0.0000E+00 
3.0907E-02 0.0000E+00 
3.1774E-02 0.0000E+00 
3.2665E-02 0.0000E+00 
3.3581E-02 0.0000E+00 
3.4523E-02 0.0000E+00 
3.5491E-02 0.0000E+00 
3.6486E-02 0.0000E+00 
3.7510E-02 0.0000E+00 
3.8562E-02 0.0000E+00 
3.9643E-02 0.0000E+00 
4.0755E-02 0.0000E+00 
4.1898E-02 0.0000E+00 
4.3073E-02 0.0000E+00 
4.4281E-02 0.0000E+00 
4.5523E-02 0.0000E+00 
4.6800E-02 0.0000E+00 
4.8112E-02 0.0000E+00 
4.9462E-02 0.0000E+00 
5.0849E-02 0.0000E+00 
5.2275E-02 0.0000E+00 
5.3741E-02 0.0000E+00 
5.5248E-02 0.0000E+00 
5.6798E-02 0.0000E+00 
5.8391E-02 0.0000E+00 
6.0029E-02 0.0000E+00 
6.1712E-02 0.0000E+00 
6.3443E-02 0.0000E+00 
6.5222E-02 0.0000E+00 
6.7052E-02 0.0000E+00 
6.8932E-02 0.0000E+00 
7.0865E-02 0.0000E+00 
7.2853E-02 0.0000E+00 
7.4896E-02 0.0000E+00 
7.6997E-02 0.0000E+00 
7.9156E-02 0.0000E+00 
8.1376E-02 0.0000E+00 
8.3659E-02 0.0000E+00 
8.6005E-02 0.0000E+00 
8.8417E-02 0.0000E+00 
9.0897E-02 0.0000E+00 
9.3446E-02 0.0000E+00 
9.6067E-02 0.0000E+00 
9.8761E-02 0.0000E+00 
1.0153E-01 0.0000E+00 
1.0438E-01 0.0000E+00 
1.0731E-01 0.0000E+00 
1.1032E-01 0.0000E+00 
1.1341E-01 0.0000E+00 
1.1659E-01 0.0000E+00 
1.1986E-01 0.0000E+00 
1.2322E-01 0.0000E+00 
1.2668E-01 0.0000E+00 
1.3023E-01 0.0000E+00 
1.3388E-01 0.0000E+00 
1.3764E-01 0.0000E+00 
1.4150E-01 0.0000E+00 
1.4547E-01 0.0000E+00 
1.4955E-01 0.0000E+00 
1.5374E-01 0.0000E+00 
1.5805E-01 0.0000E+00 
1.6249E-01 0.0000E+00 
1.6704E-01 0.0000E+00 
1.7173E-01 0.0000E+00 
1.7654E-01 0.0000E+00 
1.8150E-01 0.0000E+00 
1.8659E-01 0.0000E+00 
1.9182E-01 0.0000E+00 
1.9720E-01 0.0000E+00 
2.0273E-01 0.0000E+00 
2.0842E-01 0.0000E+00 
2.1426E-01 0.0000E+00 
2.2027E-01 0.0000E+00 
2.2645E-01 0.0000E+00 
2.3280E-01 0.0000E+00 
2.3933E-01 0.0000E+00 
2.4604E-01 0.0000E+00 
2.5294E-01 0.0000E+00 
2.6004E-01 0.0000E+00 
2.6733E-01 0.0000E+00 
2.7483E-01 0.0000E+00 
2.8253E-01 0.0000E+00 
2.9046E-01 0.0000E+00 
2.9860E-01 0.0000E+00 
3.0698E-01 0.0000E+00 
3.1559E-01 0.0000E+00 
3.2444E-01 0.0000E+00 
3.3354E-01 0.0000E+00 
3.4289E-01 0.0000E+00 
3.5251E-01 0.0000E+00 
3.6240E-01 0.0000E+00 
3.7256E-01 0.0000E+00 
3.8301E-01 0.0000E+00 
3.9375E-01 0.0000E+00 
4.0480E-01 0.0000E+00 
4.1615E-01 0.0000E+00 
4.2782E-01 0.0000E+00 
4.3982E-01 0.0000E+00 
4.5215E-01 0.0000E+00 
4.6484E-01 0.0000E+00 
4.7787E-01 0.0000E+00 
4.9128E-01 0.0000E+00 
5.0505E-01 0.0000E+00 
5.1922E-01 0.0000E+00 
5.3378E-01 0.0000E+00 
5.4875E-01 0.0000E+00 
5.6414E-01 0.0000E+00 
5.7996E-01 0.0000E+00 
5.9623E-01 0.0000E+00 
6.1295E-01 0.0000E+00 
6.3014E-01 0.0000E+00 
6.4782E-01 0.0000E+00 
6.6599E-01 0.0000E+00 
6.8466E-01 0.0000E+00 
7.0387E-01 0.0000E+00 
7.2361E-01 0.0000E+00 
7.4390E-01 0.0000E+00 
7.6477E-01 0.0000E+00 
7.8621E-01 0.0000E+00 
8.0827E-01 0.0000E+00 
8.3093E-01 0.0000E+00 
8.5424E-01 0.0000E+00 
8.7820E-01 0.0000E+00 
9.0283E-01 0.0000E+00 
9.2815E-01 0.0000E+00 
9.5418E-01 0.0000E+00 
9.8094E-01 0.0000E+00 
1.0085E+00 0.0000E+00 
1.0367E+00 0.0000E+00 
1.0658E+00 0.0000E+00 
1.0957E+00 0.0000E+00 
1.1264E+00 0.0000E+00 
1.1580E+00 0.0000E+00 
1.1905E+00 0.0000E+00 
1.2239E+00 0.0000E+00 
1.2582E+00 0.0000E+00 
1.2935E+00 0.0000E+00 
1.3298E+00 0.0000E+00 
1.3671E+00 0.0000E+00 
1.4054E+00 0.0000E+00 
1.4448E+00 0.0000E+00 
1.4854E+00 0.0000E+00 
1.5270E+00 0.0000E+00 
1.5699E+00 0.0000E+00 
1.6139E+00 0.0000E+00 
1.6591E+00 0.0000E+00 
1.7057E+00 0.0000E+00 
1.7535E+00 0.0000E+00 
1.8027E+00 0.0000E+00 
1.8533E+00 0.0000E+00 
1.9052E+00 0.0000E+00 
1.9587E+00 0.0000E+00 
2.0136E+00 0.0000E+00 
2.0701E+00 0.0000E+00 
2.1281E+00 0.0000E+00 
2.1878E+00 0.0000E+00 
2.2492E+00 0.0000E+00 
2.3123E+00 0.0000E+00 
2.3771E+00 0.0000E+00 
2.4438E+00 0.0000E+00 
2.5123E+00 0.0000E+00 
2.5828E+00 0.0000E+00 
2.6552E+00 0.0000E+00 
2.7297E+00 0.0000E+00 
2.8063E+00 0.0000E+00 
2.8850E+00 0.0000E+00 
2.9659E+00 0.0000E+00 
3.0491E+00 0.0000E+00 
3.1346E+00 0.0000E+00 
3.2225E+00 0.0000E+00 
3.3129E+00 0.0000E+00 
3.4058E+00 0.0000E+00 
3.5013E+00 0.0000E+00 
3.5995E+00 0.0000E+00 
3.7004E+00 0.0000E+00 
3.8042E+00 0.0000E+00 
3.9109E+00 0.0000E+00 
4.0206E+00 0.0000E+00 
4.1334E+00 0.0000E+00 
4.2493E+00 0.0000E+00 
4.3685E+00 0.0000E+00 
4.4910E+00 0.0000E+00 
4.6170E+00 0.0000E+00 
4.7464E+00 0.0000E+00 
4.8796E+00 0.0000E+00 
5.0164E+00 0.0000E+00 
5.1571E+00 0.0000E+00 
5.3017E+00 0.0000E+00 
5.4504E+00 0.0000E+00 
5.6033E+00 0.0000E+00 
5.7605E+00 0.0000E+00 
5.9220E+00 0.0000E+00 
6.0881E+00 0.0000E+00 
6.2589E+00 0.0000E+00 
6.4344E+00 0.0000E+00 
6.6149E+00 0.0000E+00 
6.8004E+00 0.0000E+00 
6.9911E+00 0.0000E+00 
7.1872E+00 0.0000E+00 
7.3888E+00 0.0000E+00 
7.5960E+00 0.0000E+00 
7.8090E+00 0.0000E+00 
8.0281E+00 0.0000E+00 
8.2532E+00 0.0000E+00 
8.4847E+00 0.0000E+00 
8.7226E+00 0.0000E+00 
8.9673E+00 0.0000E+00 
9.2188E+00 0.0000E+00 
9.4773E+00 0.0000E+00 
9.7431E+00 0.0000E+00 
1.0016E+01 0.0000E+00 
1.0297E+01 0.0000E+00 
1.0586E+01 0.0000E+00 
1.0883E+01 0.0000E+00 
1.1188E+01 0.0000E+00 
1.1502E+01 0.0000E+00 
1.1825E+01 0.0000E+00 
1.2156E+01 0.0000E+00 
1.2497E+01 0.0000E+00 
1.2848E+01 0.0000E+00 
1.3208E+01 0.0000E+00 
1.3579E+01 0.0000E+00 
1.3959E+01 0.0000E+00 
1.4351E+01 0.0000E+00 
1.4753E+01 0.0000E+00 
1.5167E+01 0.0000E+00 
1.5592E+01 0.0000E+00 
1.6030E+01 0.0000E+00 
1.6479E+01 0.0000E+00 
1.6942E+01 0.0000E+00 
1.7417E+01 0.0000E+00 
1.7905E+01 0.0000E+00 
1.8407E+01 0.0000E+00 
1.8924E+01 0.0000E+00 
1.9454E+01 0.0000E+00 
2.0000E+01 0.0000E+00 
